1
2
3
4
5
6
7
8
9
10
11
12
14
15
18
20
21
22
24
25
26
0
0
0
0
0
0
0
0
0
0
53
0
56
0
61
0
0
0
0
0
70
71
76
77
78
79
80
81
83
85
86
89
90
91
93
94
95
98
99
100
101
104
106
107
109
110
115
116
117
119
121
124
126
128
129
131
132
134
135
138
139
140
141
142
143
152
153
155
156
159
160
161
164
165
166
167
168
169
170
174
178
0
182
0
192
193
194
198
199
207
211
213
217
219
221
222
223
233
234
237
239
240
241
246
247
249
250
251
255
256
264
265
266
268
270
275
276
277
278
279
280
281
282
283
284
287
288
290
289
291
293
294
298
303
308
310
312
313
314
315
316
319
320
321
322
326
330
332
333
334
336
338
344
351
352
0
356
358
360
361
354
362
363
369
376
378
381
384
385
388
390
391
394
395
396
397
392
398
399
400
401
403
404
407
409
410
412
413
416
417
418
419
420
422
423
424
426
427
429
430
431
432
438
439
440
0
444
445
452
453
454
455
456
457
459
463
464
465
466
468
469
470
471
475
476
490
491
492
493
494
499
500
505
507
508
509
510
530
532
536
539
541
544
546
547
549
556
557
559
564
565
566
567
569
571
578
581
582
584
586
587
589
590
591
592
593
595
596
597
599
600
601
602
603
604
608
609
612
613
614
619
0
621
622
623
624
625
626
627
628
629
630
631
632
633
634
635
636
637
638
640
641
642
643
644
646
649
650
653
654
655
661
669
670
677
678
681
682
686
687
688
691
692
693
694
695
696
698
699
702
703
704
706
709
712
713
714
715
716
717
718
719
721
722
723
724
726
727
728
729
0
0
733
734
735
738
739
740
741
742
743
744
746
750
751
0
758
760
763
764
767
769
771
772
773
774
775
777
779
780
782
783
784
787
788
790
791
792
793
794
796
800
804
806
808
809
810
812
815
817
820
823
824
829
0
834
835
836
838
840
843
847
848
852
853
854
855
856
857
859
861
863
867
869
870
873
874
875
877
878
879
880
883
893
898
904
906
907
910
913
914
915
918
919
922
923
929
931
932
934
930
936
938
939
940
941
942
944
945
946
947
948
949
951
953
954
955
956
959
961
966
970
971
975
976
978
982
984
985
986
987
988
989
990
991
993
994
995
998
999
1000
1001
1002
1003
1004
1005
1006
1010
1012
1013
1014
1015
1020
1021
1022
1023
1036
1037
1039
1040
1044
1045
1047
1048
1049
1051
1052
1053
1055
1060
1063
1057
1064
1065
1066
1067
1068
1069
1071
1073
1075
1076
1077
1078
1079
1081
1082
1083
1084
1086
1087
1088
1092
1098
1099
1100
1101
1102
1104
1105
1106
1113
1115
1116
1119
1121
1123
1124
1125
1126
1127
1129
1130
1135
1136
1137
1138
1139
1140
1141
1144
1145
1146
1154
1155
1156
1158
1160
1161
1162
1163
1164
1165
1166
1167
1168
1169
1170
1171
1174
1175
1176
1178
1179
1182
1190
1191
1193
1194
1189
1195
1198
1199
1202
1203
1204
1207
1208
1210
1211
1212
1213
1215
1216
1221
1222
1223
1224
1225
1227
1235
1236
1237
1238
1240
1241
1243
1248
1249
1250
1251
1253
1254
1255
1258
1259
1260
1256
1262
1263
1264
1271
1273
1274
1277
1283
1284
1286
1287
1288
1290
1291
1292
1294
1296
1299
1301
1302
1312
1313
1314
1315
1316
1325
1327
1329
1330
1332
1333
1358
1359
1360
1362
1364
1365
1366
1374
1375
1376
1377
1379
1380
1383
1386
1389
1391
0
0
0
0
0
1394
1398
1399
1400
1395
1405
1408
1412
1414
1415
1416
1418
1421
1423
1424
1425
1426
1427
1429
1439
1440
1441
1442
1443
1444
1445
1446
1451
1452
1453
1456
1458
1461
0
1465
1468
1469
1470
0
1473
1475
1476
1477
1479
1480
1481
1482
1483
1484
1485
0
1487
1499
1501
0
1504
1505
1506
1507
1508
1509
1510
1511
1512
1513
1516
1518
1519
1520
1521
1522
1523
1526
1527
1528
1529
1530
1532
1531
1533
1535
1536
1539
1540
1544
1545
1548
1549
1550
1551
1552
1553
1554
1555
1556
1557
1559
1560
1564
1566
1567
1568
1574
1575
1576
1577
1579
1580
1582
1586
1588
1585
1591
1592
0
1594
0
1596
1600
1598
1612
1615
1618
1619
1620
1624
1625
1628
1630
1629
1631
1632
1633
1634
1635
1636
1640
1641
1643
1645
1646
1647
1648
1649
1650
1651
1652
1653
1654
1655
1656
1657
1658
1659
1660
1661
1662
1663
1664
1665
1666
1667
1668
1669
1671
1672
1673
1683
1685
1686
1687
1688
1689
1690
1691
1699
0
0
1712
1715
1717
1719
1720
1724
1725
1726
1727
1728
0
1729
0
1734
1736
1738
1739
1742
1743
1744
1745
1746
1747
1748
1749
1751
1752
1753
1755
1757
1759
1765
1766
1769
1770
1772
1775
1777
1779
1780
1781
1782
1784
1785
1786
1787
1789
1790
1791
1792
1793
1794
1795
1796
1801
1800
1803
1807
1808
1809
1810
1804
1811
1812
1813
1814
1805
1815
1816
1818
1819
1821
1822
1823
1824
1829
1832
1833
1836
1837
1840
1842
1844
1846
1848
1849
1850
1852
1853
1855
1856
1859
1860
1861
1863
1864
1865
1866
1867
1868
1869
1870
1871
1872
1875
1876
1877
1882
1885
1886
1889
1891
1895
1898
1901
1902
1903
1907
1908
1913
1914
1915
1918
1919
1917
1921
1922
1924
1583
1929
1930
1931
1932
1933
1936
1937
1938
1939
1941
1942
1943
1944
1945
1940
1946
1947
1948
1949
1950
1951
1962
1964
1965
1968
0
1973
1974
1975
1976
1977
1978
1979
1980
1981
1982
1983
1984
1985
1987
1989
1990
1991
1994
1998
2000
2004
2005
2006
2007
2008
2009
2010
2011
2012
1997
2014
2017
2020
2022
2023
2025
2029
2030
2031
2032
2033
2034
2036
2037
2038
2039
2040
2041
2042
2044
2045
2048
2046
2043
2047
2049
2050
2051
0
0
2058
2059
2060
2062
2063
0
0
2069
2070
2071
2072
2073
2074
2075
2078
2079
2080
2084
2086
2087
2088
2092
2095
2096
2097
2098
2099
2100
2101
2103
2114
2116
2119
2120
2121
2125
2126
2127
2128
2136
2140
2141
2142
2143
2144
2154
2155
2156
2157
2158
2159
2161
2163
2164
2165
2166
2167
2168
0
2170
2171
2172
2173
2175
2176
0
2179
0
2181
2182
0
2184
2187
2188
2190
2192
2193
2194
2195
2196
0
2201
2202
2203
2204
2205
2208
2209
2210
2212
2213
2217
2218
2222
2223
2224
2225
2226
2229
2230
2233
2234
2235
2236
2242
2245
2246
2247
2248
2249
2251
2253
2252
2254
2258
2259
2260
2261
2265
2267
2268
2269
2271
2272
2273
2274
2280
2281
2282
2283
2287
2285
2288
2289
0
0
0
2290
0
2295
2296
2297
2299
2301
2305
2306
2307
2308
2309
2312
2313
2317
2318
2320
2323
2325
2326
0
2329
2330
2331
2332
2333
2334
2335
2352
2354
2355
2357
2358
2359
2360
2362
0
2364
2365
2367
0
2368
0
0
2371
2373
2374
2383
2384
2385
2386
2387
2388
2389
2390
2391
2392
2393
2394
2402
2403
2404
0
0
0
0
2423
2424
2426
2428
0
2430
0
2432
2434
2435
2436
2438
2439
2445
2440
2446
2448
2449
2451
2453
2454
2455
2457
2458
2459
2464
2465
2467
2468
2470
2471
2472
2473
2474
2475
2476
2479
2482
2483
2485
2486
2488
2491
2492
2493
2497
2498
2501
2502
2507
2511
2504
2513
2514
2516
2517
2520
2524
2528
2531
2532
2533
2535
2536
2537
0
2540
2541
2542
2543
2544
2546
2548
2550
2551
2552
2554
2557
2559
2560
2561
2562
2566
2567
2569
2572
2573
2574
2575
2576
2579
2581
2582
2583
2584
2585
2589
2590
2591
2593
2594
2596
2597
2598
2601
2602
2603
2604
844
849
2605
2607
2609
2610
2611
1197
2612
2617
2622
0
2629
2636
2637
2638
2640
2641
2642
2643
2644
2645
2646
2648
2649
2650
2652
2653
2654
2655
2659
2660
2663
2666
2668
2669
2674
2677
2679
2680
2681
2682
2683
2684
2685
2687
2688
2689
2690
2691
2692
2693
2694
2695
2696
2697
2699
2700
2702
2704
2705
2711
2712
2709
2713
2720
2721
2727
2729
2732
2733
2734
0
2738
2740
2742
2747
2748
2749
2750
2751
2752
2753
2754
2755
2756
2757
2758
2759
2760
2761
2762
2763
2765
2766
2767
2768
2769
2770
2773
2779
2787
2789
2788
2790
2791
2792
2793
2794
2795
2796
2797
2798
2801
0
2806
2810
2809
2811
2812
2815
2816
2819
2821
2822
2825
2826
2827
2828
2830
2832
2833
2834
2835
2836
2838
2840
2841
2843
0
0
2862
2863
2864
2873
2876
0
2875
2886
2887
2889
2890
2891
2893
2894
2895
2897
2899
2900
2902
2903
2905
2906
2907
2908
2910
0
2913
2914
2915
2917
2918
2920
2922
2924
2926
0
2929
2930
2931
2932
2935
2936
2939
2940
2941
2943
2944
2946
2949
2952
2953
2954
2955
2956
0
0
2960
2961
2962
2966
2967
0
0
0
2972
2973
2975
0
2978
2979
0
2981
2989
2990
2991
2992
2993
2994
2995
2996
2997
2999
3002
3001
3003
3007
3009
0
3006
3010
3011
3012
3014
3015
3018
0
3020
3022
3024
3025
3026
3027
3028
3030
3017
0
0
3036
3037
3040
3042
3043
3044
3048
3059
3061
3062
3063
3066
3068
3069
3074
3076
3078
3079
3083
3085
3087
3090
3091
3092
3101
3111
3112
3113
3115
3116
3117
3120
3121
3123
3125
3131
3132
3134
3137
3138
3139
3140
3142
3143
3144
3145
3146
3147
3148
3149
3150
3153
3154
3157
3159
3160
3162
3164
3165
3166
3167
3172
3173
3175
3176
3179
3182
3183
3184
3185
3188
3189
3193
3198
3202
3203
3209
3210
3211
3212
3215
3216
3217
3218
3220
3221
3223
3224
3225
3226
3227
3228
3229
3230
3231
3232
3235
3237
3238
3239
3240
3241
3242
3245
3244
3246
3247
3248
3249
3250
3251
3252
3222
3253
3254
3256
3257
3258
3259
3260
3261
3262
3263
3265
3266
3268
3269
3270
3271
3272
3273
3278
3280
3281
3298
3299
3300
3301
3302
3303
3304
3305
3306
3311
3317
0
3320
3321
0
3326
3327
3329
3330
3331
3332
3334
3336
3335
3337
3338
3339
3340
3342
3344
3345
3349
3351
3353
3354
3355
3356
3357
3365
3366
3367
3371
3373
3375
3377
3380
3382
3384
3385
3393
3395
3396
3397
3399
3406
3408
3414
3415
3416
3417
3418
3420
3421
3419
3422
3424
3425
3427
3429
3430
3432
3433
3434
3435
3440
3441
3442
3443
3444
3445
3446
3450
3451
3447
3454
3455
3456
3457
3459
3460
3463
3464
3465
3474
3501
3502
3503
3505
3512
3513
3517
3522
3523
3524
3525
3529
3520
3534
3539
3541
3542
3558
3559
3560
3561
3562
3564
3565
3566
3567
3569
3570
3571
3572
3574
3575
3578
3581
3582
3588
3589
3590
3591
3593
3594
3596
3597
3598
3599
3601
3602
3603
3605
3606
3608
0
3614
3615
3621
3623
3624
0
3627
3630
3631
3636
3638
3641
3645
3646
3647
3649
3651
3652
3653
3654
3655
3656
3657
3658
3659
3660
3661
3662
3664
3665
3666
3667
3668
3669
3438
3670
3671
3672
3673
3674
3675
3448
3676
3677
3678
3679
3680
3682
3683
3684
3685
3687
3688
3689
3690
3691
3692
3693
3694
3695
3697
3699
3701
3702
3705
3706
3708
3709
0
3713
3714
3716
3717
3720
3721
3724
3730
3731
3735
3736
3738
3739
3740
3742
3744
3746
3748
3749
3750
3751
3760
3761
3762
3763
3764
3765
3766
3767
3770
2870
3774
3775
0
3777
3778
3779
3781
3782
3783
3784
3789
3790
3791
3793
3794
3796
3797
3798
3799
3800
3801
3802
3803
3804
3805
3808
3809
3810
3811
3812
3814
3815
3817
3818
3819
3821
3839
3843
3847
3848
2178
3851
3854
3855
3856
3857
3858
3859
3860
3861
3862
3863
3864
3865
3866
3867
3868
3869
3870
3872
3873
3875
3876
3877
3878
3881
3882
3884
3885
3887
3888
3889
3890
3891
3892
3893
3894
3895
3896
3897
3898
3902
3903
3904
3905
3906
3907
3908
3909
3910
3911
3912
3913
3914
3915
3916
3917
3918
3919
0
3924
3925
3928
3929
3931
3935
3936
3937
0
3938
3939
3940
3941
3952
3953
3954
3956
3957
3958
3955
3959
3960
3961
3969
3978
3979
3980
3981
3984
3986
3987
3990
4005
4006
4007
4010
4011
4012
4013
4015
4016
4018
4020
4026
4021
4024
4028
4034
4035
4036
4039
4042
4043
4044
4049
4052
4053
4059
4060
4062
4063
4066
4068
4070
4072
4071
4073
4077
4078
4079
4081
4092
4094
4095
4096
4098
4099
4100
4104
4105
4106
4107
4108
4109
4110
4112
4122
4123
4124
4125
4126
4127
4128
4129
4130
4132
4133
4134
4136
4137
4138
4139
4140
4141
4142
4144
4145
4146
4147
4149
4151
4152
4155
4158
4159
0
0
4160
0
4162
0
882
884
885
897
899
4167
4168
4169
4171
4172
4174
4175
4177
4180
4181
4184
4186
4188
4189
4190
4191
4199
4205
4208
4213
4216
4218
4222
4224
4227
4229
4231
4233
4234
4235
4236
4238
4239
4248
4249
4250
4251
4255
4256
4257
4259
4260
4262
4263
4264
4266
4267
4270
4272
4274
4275
4276
4278
4279
4280
0
4284
4285
4286
4288
4287
4289
4290
4291
4292
4293
4294
4295
4296
4297
4298
4299
4301
4302
4303
4306
4307
4311
4312
4313
4310
4316
4318
4320
4321
4323
4324
4325
4326
4328
4330
4332
4334
4335
4336
4337
0
0
4338
4339
4342
4344
4349
4350
4351
4352
4353
4355
4356
4358
4359
4363
4366
4368
4375
4376
4374
4378
4379
4385
4386
4387
4388
4389
4390
4391
4392
4393
4394
4395
4396
4397
4398
4400
4401
4403
4407
4408
4409
4410
4411
4412
4413
4415
4416
4417
4420
4421
4423
4425
4427
4428
4431
4433
4437
4440
4445
4447
4448
4449
4450
4451
4458
4459
4460
4466
4475
4479
4481
4484
4492
4495
4498
4499
4500
4501
4502
4506
4507
4508
4509
4510
4511
4513
4514
4515
4520
4522
4523
4524
4530
4531
4534
4538
4539
4541
4542
4543
4544
4547
4549
4550
4553
4555
4560
4561
4563
4569
4570
4571
4573
4576
4577
4578
4579
4580
4581
4582
4583
4584
4587
4589
4594
1517
4596
1534
4597
4598
4600
4602
4603
4604
4606
4607
4609
4610
4611
4613
4617
4618
4622
4040
4623
4624
4628
4629
4630
4632
4633
4634
4635
4636
4638
4639
4640
4641
4642
4643
4644
4645
4646
4647
4648
4649
4651
4653
4654
4657
4663
4666
4667
4673
4674
4675
4676
4677
4679
4680
4681
4684
4687
4688
4689
4692
4693
4696
4698
4699
4702
4703
4704
4705
4706
4707
4708
4709
4710
4711
4690
4714
4715
4716
4717
4718
4691
4720
4723
4701
4724
4725
4726
4728
4729
4730
4731
4733
4734
4735
4737
4493
4741
4742
4743
4745
4747
4750
4751
4752
4753
4755
4756
4764
4768
4771
4772
4777
4778
4779
4780
0
4783
4789
4790
4791
4792
4794
4795
4797
4798
4800
4801
4803
4805
4806
4807
4808
4809
4810
4816
4817
4822
4824
0
0
0
0
4829
4834
4835
4836
4837
4838
4839
4841
4842
4843
4844
4847
4848
4849
4851
4852
4853
4854
4855
4856
4857
4859
4860
4861
4862
4863
4865
4866
4867
4868
4869
0
4872
0
4875
4876
0
4882
4883
4886
4894
4897
4898
4899
4900
4901
4902
4903
4904
4905
4906
4908
4909
4910
4911
4915
4916
4918
4932
4934
4940
4941
4942
4948
4949
4950
4954
4956
4958
4960
4962
4963
4965
4967
4969
4970
4971
4973
4976
4977
4978
4979
4980
4981
4986
4987
4988
4989
4990
4991
4992
4993
4994
4995
4996
4997
5000
5001
5002
5004
5005
5006
5007
5008
5009
5010
5011
5012
5013
5016
5017
5018
5019
5020
5022
5023
5024
5025
5026
5027
5028
5029
5030
5031
5032
5033
5035
5036
0
5038
5039
5043
5044
5045
5048
5050
5052
5053
5054
5055
5056
5057
5058
5060
5066
3168
3156
3158
3161
3163
3169
3170
3171
5069
5070
5072
5075
5076
5077
5078
5079
5082
5083
5084
5087
5093
5094
5095
5096
5097
5098
5106
2094
5110
5111
5112
5113
5115
5116
5119
5120
5121
0
0
0
5130
5134
5137
5138
5139
5142
5143
5145
5146
5147
5148
5149
5150
5151
5152
5153
5155
5156
5157
5159
5160
1614
5185
5187
5186
5188
5190
5201
5202
5203
5207
5212
5214
5213
5215
5216
5217
5219
5221
5225
5226
5227
5230
5231
5232
5233
5234
5237
5238
5242
5244
5245
5260
5262
5263
5264
5265
5266
5268
5269
5270
5271
5272
5274
5278
5280
5281
5286
5293
5294
5296
5297
5300
5301
4477
4483
4491
5305
5306
5307
5311
5313
5314
5315
5316
5318
5319
5321
5322
5325
5328
5329
5330
5331
5323
5324
5333
5335
5336
5338
5339
5340
5341
5342
5320
5343
5344
5348
5349
5350
5356
5357
5358
5359
5360
5361
5362
5363
5364
5365
5368
5369
5370
5367
5373
5374
5375
5384
5388
5391
5393
5397
5398
5399
5400
5404
5405
5408
0
5410
5411
5412
5414
5415
5418
5420
5422
5426
5427
5437
0
0
0
0
0
0
0
0
5446
5447
5448
5449
5452
5453
5454
5455
5457
5459
5460
5461
5462
5464
5465
5467
5468
5469
5475
5478
1457
5481
5484
5488
5489
5492
5494
5497
5500
5502
5275
5512
5513
5518
5519
5521
5522
5523
5524
5527
2855
5528
5529
5531
2867
2869
5534
5537
5539
5542
5544
5545
5548
5549
5552
5553
5554
5556
5557
5560
5561
5562
5565
5568
5569
5570
5571
5573
5574
5575
5576
5578
5579
5580
5581
5585
5586
5587
5583
5589
5593
5594
5595
5596
5597
5598
5599
5601
5602
5603
5604
5605
5606
0
5607
5609
5611
5612
5613
5616
5617
5618
5619
5620
5621
5624
5625
5626
5628
5629
5630
5633
5634
5635
5636
5637
5638
5639
5640
5641
5642
5643
5644
5645
5646
5647
5648
5650
5652
4001
5655
5656
4003
5657
5659
5660
5661
5662
5663
5664
5665
5668
5669
5670
5671
5673
5675
5676
5051
5677
5678
5679
5680
5681
5682
5683
5684
5686
5688
5689
5690
5698
5699
5701
5702
5703
5704
5700
5705
5706
5707
5708
5710
5712
5713
5714
5715
5716
5718
5719
5720
5721
5722
5723
5724
5725
5726
5728
5729
5730
5731
5732
5733
5768
5778
5779
5780
5781
5782
5784
5787
5788
5790
5791
5792
5793
5794
5795
5796
5797
5798
5802
5803
5806
5810
4754
0
5813
5815
5816
5817
5820
5821
5825
5826
5828
5829
5832
5833
4438
5834
5835
5839
5840
5840
5842
5845
3029
5846
5847
5848
5858
5859
5860
5861
5862
5863
1874
1879
5864
5868
5869
5870
5871
5873
5874
5876
5877
5879
5880
5881
5887
5888
5891
5895
5919
5922
5924
5926
5927
5931
5932
5933
5929
5934
5935
5938
5939
5941
5943
5947
5949
5950
5951
5954
5956
5959
5961
5963
5964
5966
5967
5969
5970
5973
5974
5975
5976
5979
5988
5992
5993
5994
5995
5996
6001
6005
6006
6007
6010
6011
6012
6014
6017
6018
6019
6021
6022
6023
6025
6026
6033
6034
6035
6036
6038
6039
6040
6041
5099
6043
0
6048
6053
6054
6058
6059
6060
6061
6067
6072
6073
6074
6076
6077
6078
6079
6080
6081
6082
6083
6084
6085
6086
6087
6088
6089
6097
6098
6101
6102
6103
6107
6108
6111
6115
6116
6118
6120
6122
6123
6124
6136
6138
6140
6141
6145
6147
6148
6149
6151
6152
6153
6154
6155
6156
6157
6158
6159
6160
6163
2866
6166
6167
6168
6170
6171
6172
6173
6174
6175
6177
6178
6179
6180
6181
6185
6186
6187
6192
543
554
560
563
6194
6195
6196
6205
6207
6209
6210
6211
6212
6213
6219
6220
6221
6222
6230
6232
6234
6235
6238
6241
6242
6243
6244
6246
6247
6248
6249
6250
6251
6252
6253
6254
6255
6257
6258
6259
6260
6261
6262
6264
6265
6274
6277
6279
6288
3617
6292
0
6294
6295
6296
6297
6298
6299
6300
6301
6302
6303
6304
6306
6307
6308
6309
6310
6312
6313
6314
6316
6317
6318
6319
6320
6322
6325
6328
6330
6331
6332
6333
6335
6336
6337
6342
6346
6347
6350
6351
6354
6358
6361
6362
6363
6360
6365
6366
6367
6369
6370
6371
6372
6374
6376
6379
6381
6394
6395
6399
6400
6401
6402
6403
6404
6405
6406
6407
6409
6411
6414
6415
6416
6417
6418
6419
6420
6421
6422
6423
6424
6425
6426
6431
6432
6434
6435
6437
6440
6442
6444
6445
6448
6450
6456
6457
6458
6459
6460
6461
6462
6463
6464
6466
6468
6469
6470
6478
6479
6481
6482
6485
6488
6489
6490
6491
6493
6494
6495
6496
6497
6501
6504
6505
6506
6507
6508
6513
6514
6517
6527
6528
6531
6534
0
6536
6539
6541
6542
6543
6544
6553
0
0
6556
6557
6558
6559
6561
6562
6566
6567
6568
6569
6570
6571
6573
6574
6575
6578
6580
6581
6582
6583
0
0
0
0
6590
6591
0
0
0
6596
6598
0
6605
6606
6607
6608
6609
6610
6093
6094
6095
6096
6614
6618
6622
4283
6623
6624
6625
6626
6627
6628
6629
6631
6632
6633
6634
6635
6637
6640
6642
6643
6645
6646
6647
6648
6652
6656
6658
6660
6662
6663
6665
6666
0
6670
0
6672
5824
6673
6674
6677
6678
6679
6680
6681
6682
6683
6684
6685
6686
6688
6692
6694
2160
6698
6701
6702
6704
6705
6708
6709
6713
6714
6715
6717
6725
0
6729
6730
6731
6732
6733
6734
6736
6737
6738
6739
6740
6741
6742
6743
6744
6746
6747
6749
6752
6755
6757
6758
6759
6760
6763
6764
6765
6766
6767
6768
6769
6770
6771
6772
6775
6777
6778
6779
6781
6782
6783
6784
6786
6787
6788
6789
6790
6792
6793
6794
6795
6796
6797
6798
6800
6801
6802
6803
6804
6805
6806
6809
6811
6815
6816
6817
6818
6819
6823
6821
6824
6828
6832
6833
6834
6835
6836
6838
6839
6840
6841
1252
6842
6845
6846
6847
6848
6849
6850
6851
6853
6854
6855
6856
6857
6858
6859
6860
6861
6862
6863
6867
6870
6871
6872
6877
6887
6891
6892
6893
6895
6896
6899
6886
6900
6901
6903
6906
6907
6908
6909
6910
6911
6884
6888
6889
6890
6882
6913
6914
5209
6915
5210
5211
6916
6917
6918
6919
6920
6922
6923
6925
6926
6927
6928
6929
6931
6932
6933
6934
6935
6936
6939
6940
6941
6942
6943
6945
6949
6954
6957
6959
6960
6961
6966
6968
6969
5458
6972
6974
6978
6983
6985
6989
6991
6995
6996
6999
7001
7006
7007
0
0
7012
7013
7014
7022
7023
7025
7028
7030
7034
7035
7036
7037
7038
7044
7047
7061
6826
6829
7079
7080
7083
7087
7088
7089
7095
7099
7101
7103
7104
7105
7107
7108
7109
7112
7114
7116
7117
7119
7120
7122
7125
7129
7130
7132
7135
7137
7146
7149
7151
7155
7159
7160
0
7165
7166
7167
7168
7170
7171
7172
7173
7174
7175
7176
7177
7178
7179
7180
7181
7183
7184
7185
7187
7188
7189
7194
7195
7197
7198
7201
7202
7204
7205
7206
7207
7208
7211
7212
0
7214
7215
7216
7217
7220
7222
7223
7225
7226
7227
7228
7230
7231
7233
7234
7235
7236
7237
7238
7239
7241
7247
2215
3973
7248
7252
0
0
7256
0
7258
7259
0
7262
7266
7269
7270
7271
7272
7273
7276
7277
7278
7279
7280
7282
7283
7284
7285
7286
7287
7288
7289
7290
7291
7293
7294
7303
7306
7308
7312
7313
7315
7316
7324
7331
7333
7335
7337
7339
7340
7341
7338
7344
7347
7350
7351
7352
7353
7385
7386
4802
4804
7391
7392
7395
7396
7397
7398
7399
7400
7401
7402
7408
7410
7412
7414
7421
7425
7428
7429
7430
7431
7432
7434
7436
243
7438
7439
7440
7442
7443
7444
7448
7451
2241
7455
7456
7457
7458
7460
7465
7467
7468
7470
7471
7472
7473
7474
7475
7476
7477
7478
7479
7480
7481
7482
7485
7486
7487
7491
7192
7193
7494
7495
7496
7497
7498
7499
7500
7501
7502
7503
7504
7506
7508
7509
7510
7511
7512
7513
7514
7516
7518
7519
7521
7522
7523
7524
7526
7527
7528
7530
7531
7532
7541
0
7554
7562
7563
7573
7574
7576
7577
7578
7579
7585
7589
7590
7591
7592
7593
7565
7596
7598
7602
7606
7607
7608
7613
7618
7619
7622
7623
0
7626
7627
7629
7630
7632
7635
7637
7640
7641
7642
7644
7645
7646
7648
7649
7650
7651
7653
7661
7666
7667
7668
7669
7670
7671
7672
7673
7674
7675
7676
7679
7680
7681
7682
5218
5220
5222
5223
5229
5953
7689
7691
7701
7702
7705
7707
7711
7712
2606
7717
7719
7722
7724
7736
7738
7739
7742
7743
7744
7745
7746
7747
7751
7752
7753
7754
7757
7763
7764
7765
7766
7768
7769
7770
7771
7772
7773
7776
7778
7779
7782
7784
7785
7786
7788
7789
7791
7793
7794
7795
7799
7800
7801
7802
7803
7804
7805
7806
7807
7809
7810
7811
7812
7813
7815
7816
7817
7819
7820
7821
7822
7823
7824
7831
7832
7836
7837
7840
7841
7842
7845
7846
7849
7851
7852
7853
7854
7855
7856
7857
7858
7875
7876
7877
7878
7880
7881
7883
7884
7885
7888
7890
7891
7892
7897
0
0
7899
7904
7906
7907
7908
7911
7913
7914
7915
7916
7917
7918
7923
7924
7925
7926
7734
7927
7928
7735
7930
7931
7932
7934
7935
7936
7941
7942
7943
7944
7946
7949
7950
7953
7954
7951
7955
7957
7959
7960
7961
7963
7965
7966
7967
7968
7969
7970
7971
7972
7973
7974
7975
7976
7977
7978
7980
7981
7982
7983
7984
7985
7988
7989
7990
7991
7992
7993
7093
7995
7996
7997
8000
8002
8003
8004
8005
8006
8009
8010
8011
8013
8015
8016
8017
8018
8019
8022
8023
8024
8025
8026
8028
8037
8038
8039
8040
8042
8045
8046
8047
8048
8049
8050
8051
8052
8054
8056
8057
8058
8059
8060
8061
8062
8063
8064
8065
8066
8067
8068
8070
8071
8072
8073
8074
8075
8076
8077
8082
8083
8085
8095
8096
8098
8100
8101
8104
8105
0
0
8109
8110
8112
8113
8114
8116
8119
8120
8121
8123
8125
8126
8127
8128
8129
8130
8131
8132
8133
8136
8139
8143
8144
8145
2129
8146
8147
8148
8150
8158
8159
8160
8161
8162
8172
8173
8174
8178
8179
8181
8182
8189
8190
8192
8193
8195
0
0
8205
8206
8207
0
8209
8211
0
8213
8215
8217
8219
0
8223
8224
0
0
8229
8230
8231
0
8233
8234
8235
8237
8238
8239
8240
8241
8242
8243
8244
8245
8246
8248
8249
8251
8252
8253
8254
8255
8256
8257
8258
8259
8260
8261
8262
8265
8266
8267
8268
8269
8270
8271
8274
8277
8280
8281
8285
8286
0
8287
8288
8289
8290
8291
8276
8292
8294
8295
8296
8299
8283
8300
8301
8302
8303
8304
8305
8306
8307
8308
8309
8310
8311
8312
8313
8314
8315
8316
8317
8333
8334
8335
8336
8337
8339
8340
8342
8343
8344
8346
8347
8348
8351
8352
8353
8354
8355
8358
8359
8361
8362
8363
8364
8366
8367
8368
8369
8371
8372
8374
8375
8376
8377
8378
8381
8383
8384
8385
8386
8387
8389
8390
8391
8393
8394
8395
8401
8402
8403
8408
8412
8413
8414
8415
8416
8419
8418
8420
8421
8425
8426
8427
8428
8429
8430
8431
8433
8434
8435
8437
8438
8439
8440
8441
8443
8444
8445
8446
8447
8448
8449
8450
8452
8453
8455
8456
8457
8458
0
8459
8461
8464
8468
8473
8475
8477
8478
8479
8481
8484
8485
8486
8488
8489
8491
8494
8496
8499
8500
8501
8502
8511
8523
8524
8525
8526
8527
8528
8529
8531
8533
8534
8536
8537
8539
8540
8541
8542
8544
8545
8546
8552
8554
8558
8561
8564
8568
8569
8571
8573
8574
8575
8576
8578
8580
8582
8583
8584
8587
8589
8591
8593
8596
8597
8598
8599
8600
8601
8602
8603
8606
8607
8608
8610
8611
8613
8615
8616
8617
8618
8619
8620
8621
8623
8624
8627
8628
8629
8631
8632
8635
8636
8637
8638
8639
8645
8663
8665
8666
8667
8668
8670
8671
8672
8673
8674
8675
8676
8678
8686
8687
8688
8690
8691
8692
8693
8694
8696
8699
8701
8704
8702
8706
8707
6883
8713
8716
8719
8722
8723
8725
8728
8729
8730
8731
8721
8733
8735
8736
8737
8746
8747
8748
8750
8755
8756
8757
8758
8759
8760
8763
8764
8765
8766
8767
8768
8770
8771
8772
8774
8775
8776
6229
8780
8781
8787
8799
8801
8804
8805
8802
8803
4429
8811
8816
0
0
8821
8823
8827
8828
8829
8830
8832
8833
8837
4953
8838
8839
8840
8842
8843
8844
8845
8846
8847
8836
8851
8852
8853
8855
8856
8857
8858
8864
8868
8869
8872
8873
8876
8877
8888
8889
8896
8897
8898
8899
8903
8906
8908
8909
8910
8916
8918
8919
8920
8922
8923
8927
8928
8929
8930
8932
8934
8945
8946
8947
8948
8949
8951
8953
8954
8955
8959
0
8961
8963
8965
8966
8970
8971
8972
8973
8974
1072
5819
5822
8976
0
8981
8992
8994
8996
8997
8998
8999
9000
9001
9002
9003
8432
9015
9017
9020
9021
9022
9023
9024
9026
9027
9029
9030
9031
9032
9033
9034
9035
9037
9038
9039
9040
9041
9042
6224
9043
9044
9046
9047
9048
9049
9050
9051
9052
9053
9054
9055
9056
6225
9057
6226
9058
9059
9060
0
9061
887
889
891
894
896
901
903
9064
9065
9067
9068
9070
9071
9072
9073
9074
9075
9077
9082
0
9085
9086
9087
0
9090
9092
9093
9094
9099
9100
9101
9102
9103
9104
9107
9110
9113
9114
9116
9117
9119
9124
9128
9129
9132
0
9134
0
9137
9138
9139
9142
9143
9144
9145
9146
9147
9148
9149
9150
9151
9153
9154
9156
9158
9166
9167
9168
9169
4462
4464
4468
4471
4472
4480
4485
4486
4487
4489
9176
4496
9179
9182
9183
9184
9185
9186
9199
9204
9207
9211
9212
9216
9219
9220
9222
9225
9228
9230
9231
9232
9233
9234
9235
9237
9238
9239
9241
9243
9244
9245
9246
9247
9248
9249
9251
9253
9254
3622
9260
9261
9263
9264
9267
0
9273
9275
9278
9279
9280
9283
9284
9288
9289
9293
9294
9295
9292
9299
9300
9303
9305
9306
9307
9308
9311
9313
9314
9315
0
9317
9319
9320
9321
9322
9323
9326
9327
7191
9328
9329
9330
9335
9336
9338
9337
8405
8406
8407
8409
8410
9341
9343
9344
9345
9346
9347
9348
9349
9352
9356
9358
9359
9360
9361
9362
9367
9369
9370
9366
9375
9376
9377
9378
9373
9380
9374
9381
9382
9384
9388
9391
9393
9394
9395
9396
9397
9398
9399
9404
9405
9406
9408
9409
9410
9411
9412
9413
9414
9415
9417
9418
9419
9421
9422
9424
9425
9426
9427
9428
9429
9430
9431
9432
9433
9434
9436
9437
9438
9439
9443
9445
3413
9446
9447
9448
9450
9479
9480
9481
9482
9484
9485
9486
9487
9488
0
9491
9492
9493
9495
69
9498
9509
9511
9514
9515
9516
9517
9530
9536
9541
9542
9543
9545
9546
9547
9548
9549
9551
9555
9557
9561
9565
9566
9567
9569
9572
9578
9579
9585
9586
9583
9589
9592
9595
9596
9597
0
9598
9599
9600
8807
8808
9601
9604
9603
9607
9608
9609
9610
9612
9613
9616
9617
9618
9620
9622
9623
9624
9625
9631
9633
9632
9634
9636
9643
9644
9645
9646
9650
9302
9304
9657
9658
9659
9664
9678
0
9679
9680
9681
9683
9684
9685
9686
9687
9688
9689
9690
9691
9692
9693
9694
9695
9696
9697
9698
9699
9700
9701
9702
9705
9710
9711
9712
9713
9715
9717
9719
9722
9727
2361
9731
9733
9738
9739
9740
9742
9744
9745
9746
9747
9748
9751
9752
9753
9756
9757
9758
9759
9760
9761
9762
9763
9766
9767
9768
9771
2118
9772
302
304
305
307
317
9775
6885
9803
9813
9820
9821
9822
9824
9826
9827
9828
9829
9830
9831
9832
9833
9834
9838
9840
9841
9844
9845
9848
9849
9850
9851
9852
9853
9854
9855
9856
9857
9858
9859
9860
9861
9862
9863
9866
9867
9868
9870
9871
9872
9873
9874
9875
9876
9877
9878
9879
9880
9881
9882
9883
9884
9885
9886
9887
9888
9889
9890
9891
9892
9893
9894
9896
9897
9898
9899
9900
9902
9903
9904
9905
9907
9908
9910
9911
9912
9913
9915
9917
9918
9920
0
9923
9924
9927
0
9930
9933
9935
9936
9937
9938
9940
9941
9943
9944
9945
9946
9947
9948
9950
9951
9953
9956
9957
9958
9959
9960
9961
9963
9964
9966
9967
9968
9969
9970
9971
9972
9973
9974
9976
9977
9978
9980
9981
9983
9984
9985
9993
9996
6807
6810
9997
9998
9999
10000
10001
10003
10004
10006
10007
10009
10012
7727
10019
10020
10021
10022
10023
0
10027
10028
10029
10034
10035
10038
10039
10041
10042
10044
10047
10048
10050
10053
10054
10056
10058
10059
10060
10061
8641
8643
8644
10062
10067
10068
10071
10073
10074
10076
538
540
10077
555
10078
558
10081
10088
10092
10094
5944
10096
10106
10107
10108
10111
10112
10113
10117
10118
10119
10120
10123
10124
10126
10132
10133
10135
10136
1878
10138
10139
10140
10141
1880
10142
10144
1881
10146
10148
10150
10151
10152
10153
10154
10155
10156
10157
10158
10159
10160
10161
10162
10163
10164
10167
10168
0
10169
10170
10173
10175
10177
10178
10179
10180
10181
10182
10183
10184
10186
10187
10188
10189
10190
10191
10192
10193
10194
10195
10198
10199
10172
10200
10202
10203
10204
10205
10206
10207
10208
10209
10210
10211
10212
10213
10217
10218
10219
10222
10223
10224
10226
0
10228
10233
10236
10237
10238
10239
10250
10251
10252
10253
10254
10255
10257
10258
10259
10260
10261
10263
10264
10265
10266
10267
10268
10269
10270
10271
10272
10273
10275
10276
10280
10281
10286
10287
10289
10291
10292
10293
10294
10295
10296
10297
10299
10300
10302
10305
10307
10308
10309
10310
10313
0
10314
10315
10317
10318
10320
10321
0
10322
10323
10324
10325
10327
10329
10331
10334
10335
10336
10337
10338
10339
10340
10341
10342
10343
10345
10346
10347
10348
10352
10355
10356
10357
10359
10360
10361
10363
10364
10365
10366
10367
10368
10369
10372
10374
10375
10376
10379
10380
10381
10383
10386
10387
10390
8985
10392
8986
10393
5872
10394
10398
10399
10400
10401
10402
5727
10403
10405
10417
10420
10421
10422
10423
10425
10426
10427
10428
10429
10431
10432
10433
10434
10435
10436
10437
10438
4788
10026
10439
10440
10441
10442
10443
10444
10445
10446
10447
10448
10449
10450
10451
10452
10454
10455
10456
10457
10458
10459
10460
4203
10461
10466
10471
10473
10474
10475
10476
10477
10478
10479
10480
10482
10483
10484
10485
10487
10488
10489
10491
10494
10497
10498
10499
10500
10501
10503
10504
10505
10506
10507
4625
10508
10509
10511
10513
10514
10516
10520
10523
10527
10529
10531
10532
10533
10535
10537
10538
10539
10541
10542
10525
10543
10544
10546
10547
10548
10549
10550
10560
10563
10568
10570
10572
10574
10575
10577
10578
10581
10582
10583
10586
10587
10588
0
10590
10591
10592
0
10593
10597
10599
10600
10602
0
0
10609
0
0
0
10611
10612
10613
10615
10616
10617
10623
10624
10625
10626
10627
10628
10631
10633
10634
10629
10638
10630
10639
10641
10642
10643
10644
10645
10646
10648
10651
10653
10656
10657
10671
10675
10676
10678
10679
10680
10682
10683
10684
10686
10688
10689
10690
10691
10692
10693
10694
10695
10696
10697
10698
10699
10700
10701
10703
10705
10707
10708
10709
10710
10711
10712
10713
10714
10715
10716
10717
10718
10719
10720
10721
10722
881
10729
10730
10728
10731
10732
10733
10742
10744
10746
10747
10750
10751
10752
10754
10755
10756
10757
10758
10760
10761
10763
10764
10765
10766
10767
10768
10769
10772
10773
10774
10775
10776
10777
10778
10779
10780
10782
10783
10793
10794
10796
10797
10799
10801
10802
10803
10805
10806
10807
10808
10809
10815
10816
10819
10820
10823
10825
10826
10830
10832
10837
10838
10840
10841
10844
10845
10846
10847
10848
10849
10850
10852
10853
10854
10855
10856
10857
10859
10861
10862
10863
10868
10869
10870
10871
10873
10874
10875
10876
10877
10878
10879
10881
10882
10883
10884
10886
10887
10888
10889
10890
10897
10899
0
10901
0
10908
10912
10913
10916
10918
10919
10921
10924
10925
10928
10929
10930
4430
4432
10935
10938
10939
10943
10945
10947
10948
10949
10950
10951
10954
10955
10958
10959
10960
10961
10962
10963
10964
10965
10966
10967
10968
10969
10970
10972
10974
10975
10976
10978
10979
10980
10981
10982
10983
10985
10986
10987
10988
10989
10993
10994
10995
11000
11005
11006
11007
11010
11011
11012
11013
11014
11019
11020
11021
11022
11023
11024
11025
11026
11027
11028
11029
11030
11031
11017
11032
11033
11034
11037
0
5224
6971
6973
6975
11048
11051
11052
11055
11056
11057
11060
11061
11062
11063
11066
11067
11068
11070
11071
11072
11073
11074
11076
11078
11079
11080
11081
11082
11083
11084
11085
11086
11088
11065
11089
11090
11093
11094
11095
11097
11098
11099
11100
11102
11103
11104
11106
11107
11108
11111
11112
11113
11115
11116
11117
11119
11120
11121
11122
11123
11110
11124
11126
11128
11129
11130
11131
11132
11133
11134
11135
11136
11137
11138
11140
11141
11143
11145
11148
11149
11151
11155
11156
11157
11158
11159
11161
11165
11166
11167
11168
11169
11170
11171
11172
11173
11174
11175
11177
11178
11179
11180
11181
11182
11183
11184
11185
11193
11196
11201
11202
11203
11205
11206
11207
11208
11210
11212
11213
11217
11218
11219
11220
11222
11223
11224
11226
503
504
11232
11233
11234
0
11235
11236
11237
11240
11241
11246
0
11247
11248
11249
11251
11253
11254
11256
11257
11258
11259
11260
11261
11262
11263
11264
11265
11266
11271
11272
11276
11278
11279
11280
11289
11291
11292
11293
11294
11296
11297
11298
11300
11301
11302
11303
11304
11305
11306
11307
11308
11309
11310
11311
11312
11313
11315
11299
11317
11318
11319
5228
11320
11321
11322
11323
11324
11325
11329
11333
11334
11335
11336
11339
11340
11342
11343
11345
11348
11349
11353
11355
11356
11360
11361
11362
11363
11366
11367
11368
11369
11371
11372
11374
11375
11378
11383
11384
11385
11380
11386
11387
11388
11382
11389
11390
11391
11392
11393
11417
11418
11419
11420
11421
11422
11423
11425
11426
8810
383
8813
8814
8815
8817
8818
11437
11438
11439
11440
11441
11442
11443
11444
11445
11446
11449
11450
11451
11452
11456
11458
11461
11459
11463
11457
11465
11467
11468
11469
11470
11471
11472
11473
11474
11477
11483
11485
11486
11491
11492
11494
11495
11496
11497
11500
11502
11505
11508
11509
11510
11513
11514
11522
11526
11530
11531
11532
11534
11535
11542
11543
11548
11550
11557
